Timestamp,Latency_ms,Packet_Loss_Percentage,Bandwidth_Usage_Mbps,User_Count,Is_Congested
2023-01-01 00:00:00,193.52465823520762,1.8513292883861965,269.0886268985469,115,0
2023-01-01 00:01:00,475.8500101408589,5.419009473783581,254.50901108127982,57,0
2023-01-01 00:02:00,368.6770314875885,8.729458358764083,907.1920347158264,72,1
2023-01-01 00:03:00,303.3426572565479,7.322248864095612,257.05073785101104,7,0
2023-01-01 00:04:00,86.44913381679389,8.065611478614498,279.2302288673447,184,1
2023-01-01 00:05:00,86.4373149647393,6.587833667107174,761.8042797937841,119,0
2023-01-01 00:06:00,38.460969962417735,6.922765645178525,455.2424440260346,195,0
2023-01-01 00:07:00,434.4263114297182,8.491956515653193,778.9434513856294,114,1
2023-01-01 00:08:00,304.54635575417234,2.4966800885918596,74.7124959887414,16,0
2023-01-01 00:09:00,356.95556312006227,4.894249636431405,492.69548173665044,83,0
2023-01-01 00:10:00,20.086402204943198,2.2120944181960223,43.27746418144981,179,0
2023-01-01 00:11:00,485.2558275593772,9.87668007996647,72.02667142080098,72,0
2023-01-01 00:12:00,417.8968939922066,9.440593396866133,907.3730788109668,124,1
2023-01-01 00:13:00,114.04616423235531,0.394268113685059,147.8529174064192,113,0
2023-01-01 00:14:00,99.09423393147931,7.055751725156885,537.0964754524649,12,0
2023-01-01 00:15:00,99.86820982818257,9.252483174156659,416.98464657469947,126,0
2023-01-01 00:16:00,159.0786990501735,1.8057534512733353,353.86989299625424,53,0
2023-01-01 00:17:00,267.13065149979656,5.679452305526294,900.8350122303998,75,1
2023-01-01 00:18:00,221.65305913463672,9.154882975880419,31.605162807734605,133,0
2023-01-01 00:19:00,152.70227869704053,0.3394597858579884,667.1517893138332,27,0
2023-01-01 00:20:00,309.8079184139659,6.974202672468399,963.760489871415,140,0
2023-01-01 00:21:00,78.3519917195005,2.9734900737255074,564.5665016272235,145,0
2023-01-01 00:22:00,153.15087778225688,9.243961953765304,937.4542374127609,134,0
2023-01-01 00:23:00,189.51730321390895,9.710582451653679,61.73530049316353,97,1
2023-01-01 00:24:00,233.47429226634762,9.442664891134338,424.6053858834198,5,0
2023-01-01 00:25:00,394.73622108257666,4.742142166574638,267.5562130524306,57,1
2023-01-01 00:26:00,107.84015325759627,8.620426509893134,733.5127553309225,156,1
2023-01-01 00:27:00,261.9748748226697,8.445493985350703,981.4841195922742,78,0
2023-01-01 00:28:00,300.2831387424008,3.1910047324325563,263.9647618198053,69,0
2023-01-01 00:29:00,32.760702232798884,8.289154741506774,657.6328554593338,118,0
2023-01-01 00:30:00,307.6969774317048,0.3700763471549262,206.11665643214272,120,0
2023-01-01 00:31:00,93.55682060677285,5.96269878482053,569.6769520258938,59,0
2023-01-01 00:32:00,41.87528056278696,2.3000883728770303,469.2931618214528,33,0
2023-01-01 00:33:00,474.9539132541333,1.205668857772788,972.2852763352217,62,0
2023-01-01 00:34:00,483.1596962065341,0.7695320162920916,612.4419999695019,50,0
2023-01-01 00:35:00,406.11470057706595,6.962887758781397,356.0113083659506,112,0
2023-01-01 00:36:00,159.26074689495164,3.3987496376806616,122.95482703905404,19,0
2023-01-01 00:37:00,57.859335863128095,7.247667715287615,159.7343604475852,197,0
2023-01-01 00:38:00,345.2741829909569,0.6535634079894237,233.06376065172273,123,0
2023-01-01 00:39:00,225.67472193240465,3.152903378306103,258.456994726895,194,0
2023-01-01 00:40:00,69.79873507394163,5.394912923753372,852.1098972627265,47,0
2023-01-01 00:41:00,252.6366859545224,7.907231648389636,565.6105603996997,167,1
2023-01-01 00:42:00,26.850375346457014,3.187525029320699,528.1570022606228,196,0
2023-01-01 00:43:00,455.5669970186032,6.2589137643700905,123.6211831505253,33,0
2023-01-01 00:44:00,136.8021909840083,8.85977748236187,861.5382964159406,141,1
2023-01-01 00:45:00,334.63591933345117,6.158631881823045,725.5861601763988,84,0
2023-01-01 00:46:00,162.73842728381138,2.329594747536338,76.99167828100157,182,0
2023-01-01 00:47:00,264.8333303771273,0.2440078155653802,710.756746257471,135,0
2023-01-01 00:48:00,277.888036878207,8.700988739009299,548.1028351692196,79,0
2023-01-01 00:49:00,100.57868320750825,0.21269410850387138,90.90809228931047,14,0
2023-01-01 00:50:00,485.0964676046337,8.747016726841995,463.7176351133699,147,1
2023-01-01 00:51:00,389.8150834469461,5.28937134027212,489.8493242587465,128,0
2023-01-01 00:52:00,470.35448136645266,9.390676985128962,174.116794761643,54,1
2023-01-01 00:53:00,448.4654017095479,7.987832357736654,946.2411655302795,148,1
2023-01-01 00:54:00,302.9709896174317,9.979341105333376,851.4756177658553,29,1
2023-01-01 00:55:00,461.71837516132723,3.5071181545171015,672.3321139558172,24,0
2023-01-01 00:56:00,53.36132600544055,7.671882889311269,467.6726053906011,82,1
2023-01-01 00:57:00,106.03160258538115,4.019309136092422,417.64788616866343,63,0
2023-01-01 00:58:00,32.16137156616365,4.798756203039089,654.4637324794446,105,0
2023-01-01 00:59:00,169.41186207399952,6.275054632183701,549.9775507128364,57,1
2023-01-01 01:00:00,200.45187194784617,8.736771141863388,71.65037482306676,136,0
2023-01-01 01:01:00,142.961025569209,9.840834691992951,517.3776222826284,62,0
2023-01-01 01:02:00,416.0813794844454,7.682734138645182,808.3395810605111,157,1
2023-01-01 01:03:00,184.80913007985873,4.177667821673338,464.64747882098845,17,0
2023-01-01 01:04:00,147.65790974681659,4.213570022770702,61.437011778725726,66,0
2023-01-01 01:05:00,275.92108074754174,7.375823015888915,788.4154173901927,6,0
2023-01-01 01:06:00,79.0528702376337,2.3877714576830233,209.35014431461465,58,0
2023-01-01 01:07:00,403.07652056947944,1.1047411313139466,266.0346265391584,69,0
2023-01-01 01:08:00,46.5298154030877,3.546221576407765,173.05928989797295,156,0
2023-01-01 01:09:00,493.57459893425346,2.8723899165408175,336.91291422278255,62,0
2023-01-01 01:10:00,388.39993695536214,2.963081204559901,759.1839906317487,169,1
2023-01-01 01:11:00,107.37068395174448,2.3360775104990994,524.192000908898,197,0
2023-01-01 01:12:00,12.705837390565176,0.42093189636361883,212.83246140920542,82,0
2023-01-01 01:13:00,409.5760999428687,0.1787393473341381,879.0517773705204,169,1
2023-01-01 01:14:00,356.3600984853324,9.877223897360315,880.7860364020139,177,1
2023-01-01 01:15:00,367.21351234008375,4.277731337358624,871.8726407955469,177,1
2023-01-01 01:16:00,387.92246987611344,3.8432664715968166,246.40824926772387,71,0
2023-01-01 01:17:00,46.281879349704276,6.796472826930699,456.7269507391782,131,0
2023-01-01 01:18:00,185.64820698669357,2.1825388786506417,985.1397595794664,10,0
2023-01-01 01:19:00,66.77583916731356,9.499611839502254,774.2923515468905,98,0
2023-01-01 01:20:00,432.9206786790408,7.863450144155521,36.89574701330422,89,1
2023-01-01 01:21:00,315.41608214550337,0.8941100231225951,74.55254534788713,35,0
2023-01-01 01:22:00,172.1400321777981,4.175807757849284,469.29206304420944,2,0
2023-01-01 01:23:00,41.143591640151584,8.791183075621646,910.1280038029446,124,0
2023-01-01 01:24:00,162.38133764067447,9.447320222914103,543.3147799731871,24,0
2023-01-01 01:25:00,169.33982779310605,4.674015112498697,502.83438295394734,74,0
2023-01-01 01:26:00,367.5070273856514,6.134113892107077,114.41896295706428,166,1
2023-01-01 01:27:00,322.40316096405445,1.6703394609207523,660.2123036770511,22,0
2023-01-01 01:28:00,444.7342438624,9.911686261369766,823.8821289942232,154,1
2023-01-01 01:29:00,241.38531332935514,2.3167170138344337,386.6158074324867,171,1
2023-01-01 01:30:00,68.60118050976783,9.427317741351256,777.8557324160741,183,1
2023-01-01 01:31:00,359.48994573926757,6.496466489923685,964.8318873618035,39,1
2023-01-01 01:32:00,382.78467382227973,6.077367948788591,211.7287945364122,157,1
2023-01-01 01:33:00,285.02582680905317,5.126885110165086,528.0963348827938,20,0
2023-01-01 01:34:00,387.77391817773486,2.3066981171775867,294.26657850372976,41,0
2023-01-01 01:35:00,251.95984221855147,1.7652803200550826,794.925874843501,182,1
2023-01-01 01:36:00,266.1390863971771,2.2048620907017535,581.8174322223459,148,1
2023-01-01 01:37:00,219.49509899568932,1.8643826214425452,638.2365933748007,108,0
2023-01-01 01:38:00,22.455372104606642,7.795844735667533,799.9350180197351,147,0
2023-01-01 01:39:00,62.86679922671918,3.501252591667301,402.01076793583036,84,0
2023-01-01 01:40:00,25.400300986499783,0.5784267656339637,915.9391677229728,111,0
2023-01-01 01:41:00,321.8411015192524,9.691026301408113,537.6985785736786,66,1
2023-01-01 01:42:00,164.03443072740006,8.837858849634257,166.37527460699454,158,1
2023-01-01 01:43:00,259.19963867070436,9.27752283195213,698.9401269871145,53,1
2023-01-01 01:44:00,454.7075722237856,9.949078226464353,795.3287369338718,34,0
2023-01-01 01:45:00,132.15319228294874,1.738952492194873,323.5940602968514,150,0
2023-01-01 01:46:00,211.08763228745858,3.9624201890265875,858.6074644287654,67,0
2023-01-01 01:47:00,380.22005788609385,7.582384757040913,907.0818222181088,134,1
2023-01-01 01:48:00,122.111101090895,6.960206180537922,284.13544250403083,27,0
2023-01-01 01:49:00,47.720155816108566,1.5389590633985506,983.6862579880699,10,0
2023-01-01 01:50:00,151.97821192774634,8.158331249906178,149.30441276827082,73,0
2023-01-01 01:51:00,88.99843075446216,2.2444057183666066,209.99551171846508,96,0
2023-01-01 01:52:00,465.5518496478608,2.2381761482262306,192.38259084564586,48,0
2023-01-01 01:53:00,405.9789859865643,5.3697442289341355,895.0498129077918,70,1
2023-01-01 01:54:00,320.36784069010747,5.929399348417031,657.7496268017122,187,1
2023-01-01 01:55:00,437.01568919198166,5.8008620783781115,160.58324039005015,100,1
2023-01-01 01:56:00,403.7993176805661,0.9148683739775487,445.9201841846655,59,0
2023-01-01 01:57:00,101.41932885415756,8.774608626303804,619.145044819104,2,0
2023-01-01 01:58:00,447.3539092600891,2.6560004258870604,92.62944413948946,157,0
2023-01-01 01:59:00,274.27769853866886,1.2951492128280417,883.5922047232654,196,0
2023-01-01 02:00:00,405.64567603039063,8.887480798689772,805.5675000871198,65,1
2023-01-01 02:01:00,449.08473696251167,9.556514982297534,510.1547058408718,83,1
2023-01-01 02:02:00,165.8217027362133,8.621276172654506,967.4553491065788,154,1
2023-01-01 02:03:00,63.92544301856161,8.09516074724878,423.5833694823487,10,0
2023-01-01 02:04:00,121.68822964555143,6.552419806390217,984.2692158461329,53,0
2023-01-01 02:05:00,219.2828164268656,5.5085737060913935,671.2407988155908,79,0
2023-01-01 02:06:00,410.8272353020216,0.8698675991141014,638.3245605214021,59,0
2023-01-01 02:07:00,431.7579857956083,4.084532130706987,174.29534634282714,150,1
2023-01-01 02:08:00,13.406543960283445,3.72688517012314,883.1084807215975,179,0
2023-01-01 02:09:00,260.2661782630072,2.5975378376032623,433.214791041409,48,0
2023-01-01 02:10:00,214.5313915429017,7.234201136885849,170.61107172465455,149,0
2023-01-01 02:11:00,118.83282713065782,4.9587573507877085,22.48144477600145,123,0
2023-01-01 02:12:00,68.73402999350458,0.8104621590764793,564.1581268019987,22,0
2023-01-01 02:13:00,175.4314339877777,2.2018320194981134,532.1256259014496,100,1
2023-01-01 02:14:00,472.0257549171344,6.832587636595959,722.160086145467,98,1
2023-01-01 02:15:00,168.36943669017006,0.7613085949030018,891.3554724876241,158,1
2023-01-01 02:16:00,264.2074046542494,8.512069140487688,88.61251879659923,25,0
2023-01-01 02:17:00,354.4792898586372,4.951465270139743,734.1815254369587,28,1
2023-01-01 02:18:00,188.17850516585406,4.80586577326648,195.5378246566064,193,0
2023-01-01 02:19:00,486.17322053327075,5.924077846595176,859.5952826255923,113,0
2023-01-01 02:20:00,481.5991745216345,8.246809659251491,820.8728787230395,45,1
2023-01-01 02:21:00,133.37332495442843,3.4780920790219305,545.385817435689,68,0
2023-01-01 02:22:00,253.65176788726887,6.780161525590636,713.1403706370784,7,0
2023-01-01 02:23:00,157.43037181021714,5.657319639957911,321.2066120519109,49,0
2023-01-01 02:24:00,149.57184224495913,2.6702827016942132,476.4562199434865,137,0
2023-01-01 02:25:00,28.07460420372107,8.78629986355158,823.420528733367,164,1
2023-01-01 02:26:00,308.68652365014947,7.974260216069281,464.67254520148174,83,0
2023-01-01 02:27:00,256.3127213821421,6.584518346584255,364.22028267218735,129,0
2023-01-01 02:28:00,35.224588112494786,8.505817290942419,499.2703227777969,138,1
2023-01-01 02:29:00,146.5367674759396,8.672942009598025,829.9667599128462,164,1
2023-01-01 02:30:00,455.05028412366033,7.083629767150348,341.855966897164,73,1
2023-01-01 02:31:00,127.38532642681649,8.37013328363672,182.02397720438637,46,0
2023-01-01 02:32:00,80.99848732469931,6.974714616692836,714.8938801274729,106,0
2023-01-01 02:33:00,249.83185253600587,6.801407717603004,827.718430581001,160,0
2023-01-01 02:34:00,492.9687225141943,6.186113782151843,109.631103738298,32,0
2023-01-01 02:35:00,128.6070830406352,7.527166395576412,247.4753716283853,6,0
2023-01-01 02:36:00,339.3464182288805,1.586051052930737,150.55226986338397,176,0
2023-01-01 02:37:00,383.1936115110716,8.808707591989284,354.46199746634494,166,1
2023-01-01 02:38:00,126.44239655627584,8.71843527745232,455.8474691163585,145,1
2023-01-01 02:39:00,366.8260108198112,0.29247283034559146,751.3380735936734,74,0
2023-01-01 02:40:00,190.21373503243407,8.258167505647627,654.6361090328573,114,0
2023-01-01 02:41:00,319.82985699085395,1.288698674734452,624.7192818036468,27,0
2023-01-01 02:42:00,320.4295582728384,3.351188542591419,358.85119714355784,54,0
2023-01-01 02:43:00,272.52959519663165,7.435082562916078,843.0330775539123,178,1
2023-01-01 02:44:00,54.241987326660066,1.607598960483082,476.57429572418295,163,0
2023-01-01 02:45:00,419.2982228387266,8.179670241190621,979.313888635003,85,1
2023-01-01 02:46:00,167.18223183615055,8.32134177957742,637.8007169127794,127,1
2023-01-01 02:47:00,101.39407009592857,5.074677337608362,135.0020941488577,153,0
2023-01-01 02:48:00,29.97981936183432,0.0638587171683358,679.4157864546796,156,1
2023-01-01 02:49:00,299.5375421622385,2.870381331749128,331.852975277382,111,0
2023-01-01 02:50:00,342.00653730271836,6.169269183757422,689.4639247192365,15,0
2023-01-01 02:51:00,18.128036174649516,9.811861780274235,78.94473668078169,132,1
2023-01-01 02:52:00,260.9255985666477,6.3181352701666835,183.1326228041998,93,0
2023-01-01 02:53:00,120.98292984698959,2.5980358106415977,857.1798863167285,123,0
2023-01-01 02:54:00,326.13466730063044,6.340057030996114,234.90776145327973,73,0
2023-01-01 02:55:00,95.43955021244581,5.3998537971585545,838.6707139905106,155,0
2023-01-01 02:56:00,348.55949167020833,7.798453951511436,286.48332756986633,154,1
2023-01-01 02:57:00,199.50031968726333,1.069806388269584,646.4530909581206,147,0
2023-01-01 02:58:00,468.99769448099994,7.61027902502028,697.2090677747327,92,1
2023-01-01 02:59:00,77.38526263153669,5.412665786761103,517.5282056136024,17,0
2023-01-01 03:00:00,177.12251201462666,9.629920038589946,312.257569929764,43,1
2023-01-01 03:01:00,65.60202540788865,3.418721660386861,220.51793260738515,121,0
2023-01-01 03:02:00,463.09987295649574,6.326218931339481,42.857461016801956,41,0
2023-01-01 03:03:00,439.8962831566807,9.320281055100175,310.90693722831656,170,1
2023-01-01 03:04:00,136.39139758042626,1.0250972799067926,656.6311626259702,178,1
2023-01-01 03:05:00,333.39218255674774,9.372284872364512,938.9217702639978,168,1
2023-01-01 03:06:00,410.43887809859575,6.878857223008134,872.4924374404216,39,1
2023-01-01 03:07:00,282.04839768373654,0.678370591051719,768.4041287699496,113,0
2023-01-01 03:08:00,269.52878339444317,3.0096356694681625,790.5628698207657,151,0
2023-01-01 03:09:00,128.50762254122134,7.081720886452816,668.3350544412353,111,0
2023-01-01 03:10:00,55.620356224890614,0.673506014687717,267.683988990343,180,0
2023-01-01 03:11:00,449.6357213971301,5.8217046017627325,908.1230803987715,47,1
2023-01-01 03:12:00,451.2048480100319,3.4588305695295674,674.0249887867757,63,1
2023-01-01 03:13:00,320.2197140639013,6.209155177674771,564.8362246706356,110,0
2023-01-01 03:14:00,176.12459761386333,0.4574203381251285,119.87957452134626,69,0
2023-01-01 03:15:00,181.11269156020384,8.715368061523762,452.58498836836117,43,0
2023-01-01 03:16:00,365.71828264641726,9.734889691773969,465.75468848990704,176,1
2023-01-01 03:17:00,449.5840273767628,9.688778552856915,865.9179734274433,34,1
2023-01-01 03:18:00,444.6723478899075,7.496518317429247,551.1817379859106,40,1
2023-01-01 03:19:00,392.1390174702357,1.3008624013063197,386.5965434807056,61,0
2023-01-01 03:20:00,324.595506615601,7.582631959290226,977.0323252255528,178,1
2023-01-01 03:21:00,51.228582847573925,0.2458691645880151,119.61338739305252,195,0
2023-01-01 03:22:00,89.19806990636074,0.22123551528997254,428.3229440288252,62,0
2023-01-01 03:23:00,450.2915523782688,3.2361021914954122,51.60442841969124,58,0
2023-01-01 03:24:00,307.15023923319904,4.886431904046658,742.505079559261,161,0
2023-01-01 03:25:00,14.506555292148526,7.704074178077932,918.8957866771591,75,1
2023-01-01 03:26:00,59.72105600435573,6.832953766065052,287.23695625498453,16,0
2023-01-01 03:27:00,335.11586686294737,4.459027063767484,859.7582600311297,82,0
2023-01-01 03:28:00,12.480176084647157,2.736266662816659,299.2960481572788,94,0
2023-01-01 03:29:00,88.79594519457434,9.971245001577111,911.6624600274761,48,0
2023-01-01 03:30:00,278.8795567896272,4.261813022359729,756.4222845608161,138,0
2023-01-01 03:31:00,349.0286468694197,4.513870243296755,806.8577090730242,82,0
2023-01-01 03:32:00,329.46101715627424,1.6362382119166918,27.826490044449955,38,0
2023-01-01 03:33:00,119.89196163567429,7.948095487499294,963.1822535032857,127,0
2023-01-01 03:34:00,358.96781846029256,6.936822257814886,729.40428214962,19,0
2023-01-01 03:35:00,126.25205287343204,2.207696127887604,311.703584432272,164,1
2023-01-01 03:36:00,169.44585209804117,0.823810456158427,831.1007182102585,187,0
2023-01-01 03:37:00,375.78078850783186,6.804993020747131,288.7059864307806,63,0
2023-01-01 03:38:00,328.3201205331352,6.545112142811353,874.0263011704667,77,0
2023-01-01 03:39:00,426.1194711421472,2.7325952699820935,121.45458650781764,174,1
2023-01-01 03:40:00,332.23031722716826,9.508635622504103,706.6491176861878,131,0
2023-01-01 03:41:00,288.4712156343811,1.5105789178090023,545.2914918784612,102,1
2023-01-01 03:42:00,55.90063623576531,4.323348010426019,105.56912549348641,65,0
2023-01-01 03:43:00,190.18074349912243,9.436159201675988,249.47488997625058,120,0
2023-01-01 03:44:00,139.94916016404548,4.197273169261223,22.279995914541644,91,0
2023-01-01 03:45:00,129.55492525575096,6.385259476640855,474.08028580986075,8,0
2023-01-01 03:46:00,486.7751718286983,3.9759439796279428,308.2526081524004,179,1
2023-01-01 03:47:00,202.6178850867126,2.7421520234867005,602.3739094547813,73,0
2023-01-01 03:48:00,447.1028120367855,9.839776479598282,304.265429631531,134,1
2023-01-01 03:49:00,319.2579267386588,4.09334006315043,306.91992039191484,107,0
2023-01-01 03:50:00,399.45753873540775,8.940992036791345,745.7612667442874,89,1
2023-01-01 03:51:00,256.2921756215442,2.299546058910862,57.66140761856992,39,0
2023-01-01 03:52:00,292.68290346691595,2.131047040250833,903.8660452400674,113,0
2023-01-01 03:53:00,251.33366997124332,0.3113408288451136,853.7412356472696,188,0
2023-01-01 03:54:00,105.6690640210418,6.5166682537588505,671.1266363941425,28,1
2023-01-01 03:55:00,364.0015364781376,3.6852634372376114,597.2893544063105,97,0
2023-01-01 03:56:00,147.57845759601935,8.64358249839637,893.3794731582557,182,1
2023-01-01 03:57:00,21.914823551412383,4.732099066915572,193.4768777334273,37,0
2023-01-01 03:58:00,326.28142499451224,9.681934279147217,88.17947056892032,137,0
2023-01-01 03:59:00,96.78423290945398,1.8552551570312115,247.11506821044273,82,0
2023-01-01 04:00:00,470.82470633292803,8.686231679556109,796.6324959131883,56,1
2023-01-01 04:01:00,477.4250027312678,7.765968527917417,44.32356405921849,187,1
2023-01-01 04:02:00,458.2835512080198,7.70921844644052,586.9787667326548,85,0
2023-01-01 04:03:00,191.37776312516775,8.447832281168877,995.4831410293968,2,1
2023-01-01 04:04:00,17.57374209914504,7.610239909429989,857.139132899164,189,1
2023-01-01 04:05:00,464.87609566798545,6.262203216314154,526.2312321531535,58,0
2023-01-01 04:06:00,219.81023267548403,1.3124487768238757,73.00450019377593,107,0
2023-01-01 04:07:00,483.6608613313981,0.32526179491251916,833.0597792418528,123,0
2023-01-01 04:08:00,482.1737887737339,9.208478478156868,602.9887230954384,188,1
2023-01-01 04:09:00,427.97463317900645,6.166503145207381,123.78366708897117,168,1
2023-01-01 04:10:00,154.279957114097,7.965372909761763,102.91871197512263,164,1
2023-01-01 04:11:00,198.69788701494338,4.815223515125501,910.5305512422265,114,0
2023-01-01 04:12:00,427.05696904325987,1.1730818896239448,672.5082603086977,107,0
2023-01-01 04:13:00,165.29178252657604,1.2518579220255044,830.993931323588,37,1
2023-01-01 04:14:00,93.05144587618531,6.855652872289713,880.1891112794447,79,0
2023-01-01 04:15:00,282.8326186045916,4.303058948994627,576.054628527839,92,0
2023-01-01 04:16:00,468.7158393387827,2.005247267003367,522.2718882374909,18,0
2023-01-01 04:17:00,351.05460037073675,4.915945467414369,436.1231362177803,98,0
2023-01-01 04:18:00,289.3299733437888,0.6420893707513409,323.7771219132081,63,0
2023-01-01 04:19:00,57.61648194767658,5.819714019143988,440.2500012501246,150,1
2023-01-01 04:20:00,311.35354108259315,2.6899340443509767,776.1408591728548,139,0
2023-01-01 04:21:00,495.126386551089,7.975591006371881,605.9041967049802,186,1
2023-01-01 04:22:00,78.64116746589677,3.1036195892357377,893.5980570552977,185,1
2023-01-01 04:23:00,263.981529658231,4.552201490818012,448.94621423539587,4,0
2023-01-01 04:24:00,439.9128052446982,0.11620539908100636,611.0186829315664,135,0
2023-01-01 04:25:00,372.97662269956015,0.7244688779455888,634.9944775610688,61,0
2023-01-01 04:26:00,351.5377130876813,3.924935564066848,595.7801906832623,107,1
2023-01-01 04:27:00,354.21720115368356,4.799388347171235,705.6074353546612,54,0
2023-01-01 04:28:00,186.15066409768002,6.000205481193037,245.0591336910582,88,0
2023-01-01 04:29:00,153.86000368960174,2.9166257870930323,517.2401397703327,68,0
2023-01-01 04:30:00,406.5869661844717,6.949818861265426,113.1825547802642,129,1
2023-01-01 04:31:00,406.9555633927986,8.601223971892045,390.6662143683644,55,1
2023-01-01 04:32:00,434.8654361042508,7.7985098889334985,492.7903979350518,3,1
2023-01-01 04:33:00,457.4878707526709,0.39618825348357145,655.7020169500178,166,1
2023-01-01 04:34:00,260.5577754418595,4.805069472578289,951.0257420603415,121,0
2023-01-01 04:35:00,255.74298439672782,1.0493017841817487,604.6445558828723,129,0
2023-01-01 04:36:00,401.16463769371984,2.4204501586252745,746.1579770147941,102,0
2023-01-01 04:37:00,328.48232608110493,9.866625932671464,511.2033989002507,38,1
2023-01-01 04:38:00,353.96376985627467,1.4249554290151323,637.762991062568,85,1
2023-01-01 04:39:00,399.93840802368953,4.988881534513561,80.2228939724357,157,1
2023-01-01 04:40:00,446.1026174906075,6.181557343181191,261.8476650334285,133,0
2023-01-01 04:41:00,175.61762685725253,7.024649705441039,368.2345622730873,92,0
2023-01-01 04:42:00,194.03564679357257,5.5964868348691414,477.76842145644844,21,0
2023-01-01 04:43:00,56.05115052202581,0.09770847419183659,55.1922580473599,199,0
2023-01-01 04:44:00,293.35726908812524,3.2646130824399187,148.6238565777845,195,0
2023-01-01 04:45:00,27.611714160403622,5.1771164338471145,284.0461647133927,109,0
2023-01-01 04:46:00,238.14302888490548,0.8786649914483335,971.8173639920401,47,0
2023-01-01 04:47:00,275.8958710067125,3.5062693120918076,338.03353703202026,84,0
2023-01-01 04:48:00,150.40521354285937,0.33203108791366565,487.2206475309617,83,0
2023-01-01 04:49:00,299.50829767881527,0.7857849715502074,204.13673561100902,35,0
2023-01-01 04:50:00,24.94512247013422,3.9692327620159604,614.6722703650106,196,0
2023-01-01 04:51:00,28.300612487115064,1.3271575404306035,287.87638336081454,69,0
2023-01-01 04:52:00,413.0742747232325,5.675408482615581,214.9226526540425,129,1
2023-01-01 04:53:00,186.4934142915188,6.894649691372657,521.4069021615193,196,1
2023-01-01 04:54:00,72.25965119942354,8.005866991090828,15.450741168816613,140,0
2023-01-01 04:55:00,265.89919742685413,2.0015024424481007,17.587392322733074,188,0
2023-01-01 04:56:00,387.2968410183193,1.6748258225906976,226.8781210108392,27,0
2023-01-01 04:57:00,115.75230347345315,1.0456784033440025,46.35414887581293,56,0
2023-01-01 04:58:00,315.21633315131015,6.364302495436367,116.94549658938446,23,0
2023-01-01 04:59:00,51.82025784694632,7.064757264869011,345.47204284536406,153,1
2023-01-01 05:00:00,35.32404337261777,0.3158614482564204,804.5598227840147,21,0
2023-01-01 05:01:00,270.3637694683925,9.362122462436899,576.3281569356078,61,0
2023-01-01 05:02:00,274.9112095889522,0.5197128365147241,517.5410486968523,63,0
2023-01-01 05:03:00,322.3406517341212,5.412963353010705,300.5539349760404,122,0
2023-01-01 05:04:00,365.78475352410413,7.090605194509164,932.4361822384882,52,1
2023-01-01 05:05:00,488.16751893664195,8.709691237460856,403.04489082481973,88,1
2023-01-01 05:06:00,262.9871706675857,7.140869321324278,96.22183912781378,153,1
2023-01-01 05:07:00,168.24867174121053,8.017280830697919,620.8958509566232,55,1
2023-01-01 05:08:00,399.6412354366648,3.3945019254280604,122.7000095418354,46,1
2023-01-01 05:09:00,142.70780311841636,8.148251137465122,351.7709113736752,32,0
2023-01-01 05:10:00,225.0959961457617,0.8011484638467514,512.3378193306307,55,0
2023-01-01 05:11:00,48.44362685771032,8.948166560605276,875.4802994383241,96,1
2023-01-01 05:12:00,22.42186427357418,5.475923761537363,498.6111145367175,133,0
2023-01-01 05:13:00,481.6977231921833,8.172977699624937,705.2361783713476,36,0
2023-01-01 05:14:00,419.63025905098084,4.523182845183001,992.8886706090797,110,0
2023-01-01 05:15:00,351.027360985912,6.4357769519652495,140.17422869900182,177,1
2023-01-01 05:16:00,210.38694276299225,5.264026609361132,281.9842102643243,106,0
2023-01-01 05:17:00,94.91421683471442,7.315895217553319,400.63031484166993,58,1
2023-01-01 05:18:00,86.65415090883216,0.8162998203058958,427.6098967534431,39,1
2023-01-01 05:19:00,132.6190201006517,0.603520839905638,416.9108645128903,80,0
2023-01-01 05:20:00,279.12106570599906,2.4710323401014644,908.5348925309894,97,0
2023-01-01 05:21:00,360.15200212303057,1.5954468011318834,716.8923180221879,113,0
2023-01-01 05:22:00,333.4967145916883,8.717835665922017,611.8261619497968,61,1
2023-01-01 05:23:00,147.16760950351198,2.192139873580443,316.2789906841543,137,0
2023-01-01 05:24:00,477.8839875249651,9.758652558191313,825.5524803790818,6,1
2023-01-01 05:25:00,371.56948918092655,3.3689579177110685,955.5099063701391,109,0
2023-01-01 05:26:00,281.63348573058636,1.8211791568869928,822.9862997247243,35,0
2023-01-01 05:27:00,309.7431656548326,7.896985071424791,11.549454139558176,39,0
2023-01-01 05:28:00,215.60403058961705,6.587077755008761,640.0373564815729,150,0
2023-01-01 05:29:00,131.38818485556715,4.98195716453139,60.624027627679716,169,0
2023-01-01 05:30:00,184.42661253911817,5.553635509376313,265.0311481303846,118,0
2023-01-01 05:31:00,381.34459412754086,7.192017782722639,68.92945334429396,5,1
2023-01-01 05:32:00,17.052809428580375,2.2845474133129873,607.7574984198939,170,1
2023-01-01 05:33:00,66.87559384838895,9.963339160567418,689.7240143576807,87,1
2023-01-01 05:34:00,32.54129459065885,9.747931621467831,123.34276168524606,76,0
2023-01-01 05:35:00,29.957113136295366,6.503256863469369,390.0004942145297,195,0
2023-01-01 05:36:00,429.17568616539353,1.9954245092914513,461.6741438659866,158,1
2023-01-01 05:37:00,354.7923510962116,6.802282424312914,375.36249154330744,57,1
2023-01-01 05:38:00,242.34517625278934,0.7219840897917584,129.8147504803411,127,0
2023-01-01 05:39:00,57.93873871899073,0.30652502205806065,424.75831228560065,29,0
2023-01-01 05:40:00,250.89177880724785,2.576828885112137,753.666267330334,165,1
2023-01-01 05:41:00,242.0011676824772,4.626229567393163,80.29758788792292,87,0
2023-01-01 05:42:00,94.86891625590744,8.682725054083805,89.37821394108441,141,1
2023-01-01 05:43:00,222.58730812660679,7.271690697663081,361.22357891762437,160,1
2023-01-01 05:44:00,205.26731985471298,7.42706521199981,942.3084545027358,46,0
2023-01-01 05:45:00,311.7665480455861,4.2549333444807536,671.8869202556849,116,0
2023-01-01 05:46:00,321.1958889251455,3.4593499254696294,681.8832571058391,112,0
2023-01-01 05:47:00,32.198964788301815,3.7103876298460268,368.3007909294863,151,1
2023-01-01 05:48:00,193.5601811669709,9.876495637360579,597.724183296453,45,1
2023-01-01 05:49:00,316.6713586999758,0.4010919141248248,20.029872187465944,145,0
2023-01-01 05:50:00,256.53676670424295,8.670314961224486,639.7350859454468,104,0
2023-01-01 05:51:00,429.6800221822779,5.786754085723934,914.1540781004744,85,1
2023-01-01 05:52:00,332.75987949328305,4.386154191895905,616.447733661371,194,1
2023-01-01 05:53:00,89.83786926990055,7.252576604151365,874.9616075316816,134,0
2023-01-01 05:54:00,44.57868622621062,4.866689414247029,726.7333249114329,108,0
2023-01-01 05:55:00,324.78544632109464,8.734232380816605,129.35283223965337,18,0
2023-01-01 05:56:00,22.990542165394686,9.007018640112586,903.4287742129833,94,0
2023-01-01 05:57:00,297.030034823997,4.217209268734554,75.77940591221713,150,0
2023-01-01 05:58:00,470.7128182982292,2.768277972350516,538.6277978222861,33,0
2023-01-01 05:59:00,291.9823471591807,5.923503285933622,150.7157525555231,158,0
2023-01-01 06:00:00,200.20326384119574,9.12363345616691,21.589544623595025,126,0
2023-01-01 06:01:00,325.21122703675303,2.106621890056666,427.8139175263626,160,1
2023-01-01 06:02:00,234.54391634084314,6.229665835634828,302.0903005776147,170,1
2023-01-01 06:03:00,277.3522267648081,6.3156022009252055,491.140488859627,122,0
2023-01-01 06:04:00,471.3177563004973,7.33113022415281,581.4278878672053,138,0
2023-01-01 06:05:00,199.1902925223794,1.315676851272598,53.301681585857885,115,0
2023-01-01 06:06:00,480.98337627371797,7.158249646820885,131.77326217250817,164,1
2023-01-01 06:07:00,453.6218145584712,9.09032520665641,563.0559724859211,162,1
2023-01-01 06:08:00,105.93765604675525,1.7968310887024197,349.73567964093166,28,0
2023-01-01 06:09:00,43.98703742883107,2.3754332492387764,731.8817526739535,11,0
2023-01-01 06:10:00,59.38122067493906,9.713950940416396,655.7687321060203,167,1
2023-01-01 06:11:00,18.928694569259367,1.8097695270948977,847.1483193600078,47,0
2023-01-01 06:12:00,56.27705077040491,8.543850933695792,695.567898402533,127,0
2023-01-01 06:13:00,344.6733189740149,4.922778564480348,435.63176661624664,147,0
2023-01-01 06:14:00,44.882437745512206,2.4723107440317706,676.236956170488,118,0
2023-01-01 06:15:00,166.29805884394304,8.707499012725114,282.62736251286435,143,1
2023-01-01 06:16:00,423.98890237503275,4.453052550026655,313.2503637904305,126,0
2023-01-01 06:17:00,21.403248510554675,5.148173539296902,791.0953083215854,156,0
2023-01-01 06:18:00,409.0895564685785,3.5923336939976567,451.95532123756635,152,1
2023-01-01 06:19:00,148.10883963896597,5.9295085143492745,800.396537113169,72,0
2023-01-01 06:20:00,67.90076553461157,1.6352387258502277,824.1981499315956,107,0
2023-01-01 06:21:00,351.4012110284338,3.910815366517607,858.9867142846709,137,1
2023-01-01 06:22:00,318.18199492214313,9.694123223352875,917.4688834827953,175,1
2023-01-01 06:23:00,439.96128662825595,2.5813343270112754,436.6753683081633,33,0
2023-01-01 06:24:00,370.18481146390405,6.567366645412922,325.67815013792745,190,1
2023-01-01 06:25:00,403.7056558885758,3.251900642246949,586.3767591281727,19,1
2023-01-01 06:26:00,148.19694055994017,7.734731256866007,377.4606992032513,195,1
2023-01-01 06:27:00,96.94537645206418,1.3087366071834983,605.0634251322306,74,0
2023-01-01 06:28:00,377.8012283040206,9.698210450785448,708.5300040173863,168,1
2023-01-01 06:29:00,405.34902224095936,4.5378954138363925,691.5209683072155,175,1
2023-01-01 06:30:00,495.3475195803299,2.3605046334646396,380.80735814992016,193,1
2023-01-01 06:31:00,212.18266168659898,0.7349674733001266,175.1915996817653,157,1
2023-01-01 06:32:00,192.28886203846375,1.6975790508754074,436.22404507758546,178,1
2023-01-01 06:33:00,390.4423507635785,5.197739485560176,151.16820264108964,98,0
2023-01-01 06:34:00,176.99373472397875,3.3700317643128628,891.1960648319703,141,1
2023-01-01 06:35:00,466.0710895457467,8.288833658826094,352.4186861304788,129,1
2023-01-01 06:36:00,430.6222484030758,4.308875236618059,162.91514975109055,162,1
2023-01-01 06:37:00,220.207073413759,2.487142725876299,35.19328230669337,93,0
2023-01-01 06:38:00,377.9268232178337,6.171449866040301,649.3641624236194,176,1
2023-01-01 06:39:00,379.72600830149435,7.067772168854458,640.5332942801958,48,1
2023-01-01 06:40:00,60.530695729606975,1.6704190790094986,347.19812491547873,177,0
2023-01-01 06:41:00,452.2509242729877,1.6761921628831766,80.99476995917449,64,0
2023-01-01 06:42:00,257.57366249945,0.3667142693354297,415.5326059462797,61,0
2023-01-01 06:43:00,414.9641583927934,7.364020150656405,318.10532011275967,157,0
2023-01-01 06:44:00,166.82430450499976,6.638045276218051,680.3494333376592,39,0
2023-01-01 06:45:00,448.8063819631382,4.746308757498139,609.7214569581635,128,0
2023-01-01 06:46:00,200.70882257973992,8.441704489691972,370.9477909155646,88,0
2023-01-01 06:47:00,15.310449225346197,8.056701529500533,225.7136287124402,26,0
2023-01-01 06:48:00,453.6371684454392,5.853543643967521,988.155606494036,17,0
2023-01-01 06:49:00,54.730471625205446,8.682712805132587,459.4616049841537,71,0
2023-01-01 06:50:00,166.4636824193033,2.0584121003676827,691.3914934224347,13,0
2023-01-01 06:51:00,475.5303638548944,1.1191961939772788,149.14743790257717,69,1
2023-01-01 06:52:00,475.79750199940247,2.697496115169896,490.73380266280384,26,0
2023-01-01 06:53:00,290.9845651804102,0.5708685608931485,37.26135267077083,49,0
2023-01-01 06:54:00,319.6002339632016,5.31169528001032,510.40056673134546,195,1
2023-01-01 06:55:00,229.7383057693767,9.366056922949614,964.3772330465254,7,1
2023-01-01 06:56:00,153.67327813205162,0.39343540668509647,390.36464585594223,58,0
2023-01-01 06:57:00,171.04562723125883,1.221099140100268,48.60605244916247,49,0
2023-01-01 06:58:00,339.5340434777488,4.521990282834353,40.6462330101501,103,0
2023-01-01 06:59:00,378.66351942446323,9.33875017527905,394.1068923474008,53,1
2023-01-01 07:00:00,397.87373142566577,3.161561049767505,168.42468709856212,193,1
2023-01-01 07:01:00,396.9128899693314,5.072348086883924,33.11857536490405,62,1
2023-01-01 07:02:00,54.69099049385828,0.41572859050392097,758.651477810675,17,0
2023-01-01 07:03:00,252.26594930426492,1.4834320096208886,463.9377787930718,171,0
2023-01-01 07:04:00,38.2037924081557,9.86630122958847,296.352324252928,25,0
2023-01-01 07:05:00,279.2691523386304,9.651186964360456,901.0823511863159,131,0
2023-01-01 07:06:00,226.34994567295473,0.04939980934409616,124.97757059852036,29,0
2023-01-01 07:07:00,444.9750495515669,9.51811785423239,956.359640665766,117,1
2023-01-01 07:08:00,181.94835615051855,6.391199378155004,320.8270502035793,160,1
2023-01-01 07:09:00,67.36283804952687,8.679182945200221,889.5196355855944,26,1
2023-01-01 07:10:00,80.06592420588957,4.547398556338591,606.913447714667,124,0
2023-01-01 07:11:00,383.1402095415614,5.155960285792503,828.4402861440726,144,1
2023-01-01 07:12:00,312.9268510249679,4.888465802569202,984.1730315783597,25,0
2023-01-01 07:13:00,59.55011130016722,6.668642575461043,295.5213834405583,54,0
2023-01-01 07:14:00,51.212334996348744,1.396512547563129,961.524130553517,156,0
2023-01-01 07:15:00,353.4748744149688,0.2997358987267795,395.58707595339615,73,0
2023-01-01 07:16:00,45.653873118454825,3.079299415911909,391.6567856895531,120,1
2023-01-01 07:17:00,412.7114290522745,7.0468076273664675,346.9832332119606,56,1
2023-01-01 07:18:00,356.05869130668316,2.0185345212294834,545.9935312741094,65,0
2023-01-01 07:19:00,49.860902514530885,6.734324333249173,162.60359274670222,93,0
2023-01-01 07:20:00,51.57047990174404,9.699120461072704,558.1743705044311,86,1
2023-01-01 07:21:00,493.45339346557597,0.9390071578941839,546.287764285904,80,0
2023-01-01 07:22:00,193.39268992049895,6.726021182251262,764.2827944788213,169,0
2023-01-01 07:23:00,191.61465206277654,4.437502193045711,835.3134623182098,108,0
2023-01-01 07:24:00,408.27178795617624,8.681422543775053,446.0369368092998,179,1
2023-01-01 07:25:00,474.15180291809077,1.771497894473859,309.3099168579788,118,0
2023-01-01 07:26:00,493.14052127320673,6.926259522261645,266.7415483439235,199,1
2023-01-01 07:27:00,379.1553107768814,8.381152896481103,202.6775983378232,157,1
2023-01-01 07:28:00,194.36719691014872,9.446142194740233,67.07110637703462,83,1
2023-01-01 07:29:00,50.91535118234769,6.832480282896459,349.0234990463662,147,0
2023-01-01 07:30:00,390.801988804444,4.971747640084273,277.54521520947543,194,1
2023-01-01 07:31:00,283.61808237054447,6.178472402012138,966.7532120077433,169,1
2023-01-01 07:32:00,217.86878453101838,8.689049844787181,562.1317379875435,173,0
2023-01-01 07:33:00,454.1136486964206,5.706097466388297,353.80426864020245,15,1
2023-01-01 07:34:00,64.48676633001415,0.3038705969683686,584.662924983759,131,0
2023-01-01 07:35:00,251.38630110252097,9.309486955069778,147.80473433223855,139,0
2023-01-01 07:36:00,15.563285936035344,6.895267510315612,449.6033117101809,181,1
2023-01-01 07:37:00,239.64371457712187,6.765133857772465,629.9719782068532,174,1
2023-01-01 07:38:00,37.5886050841003,2.1567515239771717,494.00885347452686,30,0
2023-01-01 07:39:00,68.22077897135524,6.5888547023265716,407.761012647781,57,0
2023-01-01 07:40:00,67.5878609207814,3.938644056541585,993.9099050107012,146,0
2023-01-01 07:41:00,328.11304803687113,6.512329770414921,881.5116145274377,179,0
2023-01-01 07:42:00,375.56199084005743,1.0659303030799072,627.1718985778457,128,0
2023-01-01 07:43:00,295.8506948976082,6.5784530460303605,573.68358757046,48,0
2023-01-01 07:44:00,481.46454875252556,9.994137257706665,624.4538750263382,194,1
2023-01-01 07:45:00,193.686583966615,0.4821203886055603,209.29898674420892,136,0
2023-01-01 07:46:00,149.99892227811176,9.771741842213173,401.1863658316754,22,0
2023-01-01 07:47:00,435.6135728128355,4.069079607228706,49.06493756199033,6,0
2023-01-01 07:48:00,119.56196087453179,8.707534503372592,480.7905771119584,185,1
2023-01-01 07:49:00,481.97904432589957,7.823854840582735,547.5943381180865,104,1
2023-01-01 07:50:00,15.955692598010007,5.6701626098666775,235.4722387421775,36,0
2023-01-01 07:51:00,485.24062508674314,7.384492092513265,964.3885586938586,79,1
2023-01-01 07:52:00,31.148356855782296,8.78515561301348,910.3600648278696,116,1
2023-01-01 07:53:00,446.6601257120548,4.0414032165103295,724.9218031013468,57,0
2023-01-01 07:54:00,268.5735434522869,3.270331615632387,538.0527624777089,49,0
2023-01-01 07:55:00,496.5527500984572,6.675933855635847,871.2694680512082,173,1
2023-01-01 07:56:00,46.16031672034544,8.078459419412585,139.34582038522828,82,1
2023-01-01 07:57:00,281.3885993566472,7.622851347766158,792.6046963321361,66,0
2023-01-01 07:58:00,484.9582424533585,7.978136488586345,133.5726058271798,77,1
2023-01-01 07:59:00,266.3179436433729,4.35583314812933,796.2685559239113,45,0
2023-01-01 08:00:00,318.40533268627865,8.178342161750216,283.0098925688434,79,0
2023-01-01 08:01:00,350.9168576024624,1.2020905537060844,878.3196752080071,20,0
2023-01-01 08:02:00,232.72512173620888,5.444890979608496,944.6016728871439,192,0
2023-01-01 08:03:00,317.5034592411911,0.057586604981215705,157.30800971106447,123,0
2023-01-01 08:04:00,296.31401284231913,3.2458582990027027,468.0488490147396,67,0
2023-01-01 08:05:00,451.5674251405846,3.664615348713979,981.1775043810583,83,0
2023-01-01 08:06:00,32.26872636731436,3.961726916092554,488.57336161341516,3,0
2023-01-01 08:07:00,147.67196290019285,6.954672066898622,864.9120472893997,182,0
2023-01-01 08:08:00,475.7016271975138,3.885581012703457,592.8442069100066,64,0
2023-01-01 08:09:00,446.229254106549,4.486936226225307,381.5766088404058,40,0
2023-01-01 08:10:00,233.27180886499934,2.375441308743275,292.9257199706115,59,0
2023-01-01 08:11:00,313.864972922753,3.732517916293401,211.1908601752264,183,0
2023-01-01 08:12:00,145.91677966075503,2.2726962726315145,764.1802094639203,62,0
2023-01-01 08:13:00,102.17936826464305,0.7319592376844364,392.6751017547976,132,0
2023-01-01 08:14:00,237.21221842059126,6.034485933813779,516.1627075787437,60,0
2023-01-01 08:15:00,183.14259173276588,6.682127985550163,497.4022252011701,116,0
2023-01-01 08:16:00,295.99149480692734,6.194903460096145,581.5062389407999,75,0
2023-01-01 08:17:00,48.089972112842574,4.6349404380057235,866.9213741683067,122,1
2023-01-01 08:18:00,487.4534557564216,3.797857801792298,980.9319501475951,107,0
2023-01-01 08:19:00,493.2432647950054,8.633336495718252,413.50836648807876,96,0
2023-01-01 08:20:00,352.0992398696751,5.190817851362181,829.2437328852401,91,0
2023-01-01 08:21:00,272.68721950861897,4.79181877629731,766.8825167081704,158,1
2023-01-01 08:22:00,161.6685319803006,0.2564206580643569,577.7936619410175,130,0
2023-01-01 08:23:00,408.75955965640486,3.4124782762615635,956.4866721758137,62,0
2023-01-01 08:24:00,345.51827455140085,3.8019561878585706,208.46977037311876,49,0
2023-01-01 08:25:00,89.68230027899673,3.988227808969005,118.1715682065252,137,0
2023-01-01 08:26:00,456.3543204019828,5.801723692273323,855.4223472858679,92,0
2023-01-01 08:27:00,413.0432490323528,5.336025467268785,444.75831846741085,159,1
2023-01-01 08:28:00,475.40195751304276,6.079050927934446,848.4991656649898,124,0
2023-01-01 08:29:00,365.6025591102964,7.6488326154212825,894.1593031434608,61,1
2023-01-01 08:30:00,310.573446008537,8.129857387160936,71.83301768288072,48,1
2023-01-01 08:31:00,214.93908778240325,7.181230762264944,884.6301153562001,153,1
2023-01-01 08:32:00,467.0369568434665,9.555236959549347,453.835864815728,164,1
2023-01-01 08:33:00,434.3713058552001,0.1823258267636163,515.3281641141899,136,1
2023-01-01 08:34:00,32.157148352032806,1.957779856835461,630.3265859822782,58,0
2023-01-01 08:35:00,22.919817503653483,0.0756287497814212,927.1187806627859,101,0
2023-01-01 08:36:00,194.4670497702443,6.47474714154603,28.92493348546639,112,0
2023-01-01 08:37:00,407.17113208309814,8.98030548949987,482.07503363463894,173,1
2023-01-01 08:38:00,493.7653033643228,2.4348229657629927,690.8448220062551,62,0
2023-01-01 08:39:00,83.7042766407288,9.270345447963066,725.4798881212462,39,0
2023-01-01 08:40:00,301.1240505225462,0.6026739028956085,695.6071072217369,58,0
2023-01-01 08:41:00,196.63651974920054,9.344360268055143,143.09077811404063,99,0
2023-01-01 08:42:00,485.25805492915555,3.516226872396344,306.40163248796443,192,1
2023-01-01 08:43:00,422.63827233649727,1.0142082844921652,365.12837016284334,44,0
2023-01-01 08:44:00,420.7810653084575,4.858717591863257,806.39283560271,29,0
2023-01-01 08:45:00,239.65964829953543,2.567765677205079,285.9722736904075,59,0
2023-01-01 08:46:00,213.26155614545593,2.8487290196192285,218.59791422853112,71,0
2023-01-01 08:47:00,143.96946524604604,3.0728996492628657,957.8735388477152,92,0
2023-01-01 08:48:00,37.62399335895429,8.030258978326634,18.77465226233421,9,0
2023-01-01 08:49:00,433.71396436497605,5.391612766752544,997.8426471251585,127,0
2023-01-01 08:50:00,408.321494473738,3.1130769915600363,680.0530858688217,134,1
2023-01-01 08:51:00,499.86165991020397,6.103337833109183,830.1846064546259,157,1
2023-01-01 08:52:00,498.35205016621364,7.161506742231936,301.67320238273123,186,1
2023-01-01 08:53:00,282.16153574528744,2.7262400073353374,24.172124890389377,145,0
2023-01-01 08:54:00,386.80383343845017,4.135491015253515,740.4908233759147,144,0
2023-01-01 08:55:00,472.93520764238974,1.2188609333694755,835.803151030669,131,1
2023-01-01 08:56:00,426.3272214319316,1.8114934953468032,743.071370633984,21,1
2023-01-01 08:57:00,131.20056985416687,6.811178539649828,151.4217844278302,64,0
2023-01-01 08:58:00,230.76662630194582,1.8143834769562694,755.8936430343994,90,0
2023-01-01 08:59:00,73.28811342423253,5.251633836670601,771.2335542865645,36,0
2023-01-01 09:00:00,477.485003356774,7.090462617224327,661.9551105133544,62,1
2023-01-01 09:01:00,307.02557088093124,1.0687692309474384,768.4547734676304,170,0
2023-01-01 09:02:00,122.03497469669674,5.673122196289036,847.4622252809548,76,0
2023-01-01 09:03:00,339.1333353588698,2.5656278370136376,617.4680730950838,170,0
2023-01-01 09:04:00,312.88283782436895,9.629268752375799,97.71866682998227,189,1
2023-01-01 09:05:00,185.49973183609185,4.835456467199247,492.75153157053876,13,0
2023-01-01 09:06:00,65.64322017781822,8.059925497751582,86.87284132488901,11,0
2023-01-01 09:07:00,339.0708658404718,5.502265421562617,413.4676007221065,54,0
2023-01-01 09:08:00,264.9507734428587,0.43412532854819164,413.03542423437136,16,0
2023-01-01 09:09:00,388.43601195046324,6.3315137559402235,75.34974569883916,8,1
2023-01-01 09:10:00,264.88011554487673,9.51403342206657,355.3323286297845,104,0
2023-01-01 09:11:00,427.56893515608465,6.016118201463312,119.88811780340168,59,1
2023-01-01 09:12:00,280.4343509994979,8.191888594267901,810.1528579091299,57,0
2023-01-01 09:13:00,284.85960605233925,8.842064633484078,948.2111457048261,40,0
2023-01-01 09:14:00,439.5602653025891,2.2807977194893247,81.59331050535923,187,0
2023-01-01 09:15:00,207.70660444407454,2.1204483990822665,955.5640552187843,130,0
2023-01-01 09:16:00,75.66746194081396,6.1098098885099175,527.3508333433778,94,0
2023-01-01 09:17:00,24.103511393536095,4.110284698067047,306.5700211743352,138,0
2023-01-01 09:18:00,380.0172552800733,8.398613028667203,86.09345452340187,44,1
2023-01-01 09:19:00,313.9516801631977,9.000231233980111,505.61802538971364,139,0
2023-01-01 09:20:00,354.99908636861954,3.534213793027181,796.5703890458412,80,0
2023-01-01 09:21:00,114.35243913936625,2.3687055897448204,710.0156124940312,81,0
2023-01-01 09:22:00,76.82202303751718,7.805255152438618,59.72375134933402,2,1
2023-01-01 09:23:00,17.126886177262143,2.748060355481361,82.17281701422448,178,1
2023-01-01 09:24:00,181.7879038152325,8.226143185136785,408.84454980631074,140,0
2023-01-01 09:25:00,299.05966655877023,4.237382536487628,302.3375891074638,115,0
2023-01-01 09:26:00,202.19958209886883,6.675498992914704,240.06047982548736,90,0
2023-01-01 09:27:00,224.36271179162725,0.9553531383466818,288.1944539196265,23,0
2023-01-01 09:28:00,453.0377603019367,6.23859324676573,805.4479158639158,146,1
2023-01-01 09:29:00,180.64517884141716,4.517676787372292,929.9357730955354,62,0
2023-01-01 09:30:00,261.8548496883073,5.866084631754741,411.05166758229075,113,0
2023-01-01 09:31:00,393.98997624316013,1.6801420774486342,907.0498921111721,128,0
2023-01-01 09:32:00,204.30596333742238,7.368737449441821,328.2807442354031,62,0
2023-01-01 09:33:00,314.822483111658,8.627970775432285,481.6726164803537,38,0
2023-01-01 09:34:00,432.55821728590513,2.1673980009077565,233.7687078378397,195,1
2023-01-01 09:35:00,475.26510559224465,0.9571455552016173,644.0712817540856,166,1
2023-01-01 09:36:00,82.0660056552286,0.23638586046336396,979.1913040230609,195,1
2023-01-01 09:37:00,464.0279363291323,6.4197150044326605,607.4581650829449,61,0
2023-01-01 09:38:00,251.1369836089737,6.070940360887808,364.2359432724134,129,0
2023-01-01 09:39:00,136.5397502664896,5.4669741271407,651.3392715306231,173,1
2023-01-01 09:40:00,234.97652055674803,2.3194709611597544,131.69147168073368,156,0
2023-01-01 09:41:00,490.2159618898838,3.9090599590551465,889.7724894627446,149,0
2023-01-01 09:42:00,251.38286605650612,5.944763351861731,508.053111272038,122,0
2023-01-01 09:43:00,171.08828904087903,4.967668588591694,454.8562446192456,110,0
2023-01-01 09:44:00,320.36641861519564,9.877855202148872,590.006140568984,13,0
2023-01-01 09:45:00,127.6713532013146,1.3643975255673313,628.5360241615084,155,0
2023-01-01 09:46:00,47.17303077324532,6.951445540475937,81.0580481642479,100,0
2023-01-01 09:47:00,73.15106373621812,4.043187681042921,685.7910490111684,135,0
2023-01-01 09:48:00,72.7424610893085,4.281996149256147,249.5123635123743,22,0
2023-01-01 09:49:00,84.43231982102424,7.175977656581763,716.813106181524,74,0
2023-01-01 09:50:00,78.02531459821097,6.924361513243697,824.3094464403548,181,0
2023-01-01 09:51:00,324.02862495357516,9.912559937021882,805.9189224769951,132,0
2023-01-01 09:52:00,99.12124135558096,1.2839428945412523,556.9759577338102,23,0
2023-01-01 09:53:00,179.37696882869298,1.0410964938416634,524.9681933876436,119,0
2023-01-01 09:54:00,449.4263208539458,7.243388171287411,151.4472017260176,70,0
2023-01-01 09:55:00,242.24120372880745,5.783869170064091,777.5926888991042,84,0
2023-01-01 09:56:00,337.10329187530334,2.7416066655980584,278.6952866422472,101,0
2023-01-01 09:57:00,94.43673688879862,0.794193689889866,501.7284685897671,84,0
2023-01-01 09:58:00,104.22161921624868,0.8565824959643054,291.43135199824155,161,0
2023-01-01 09:59:00,30.025621970574644,8.941908746641182,142.49007936969622,28,0
2023-01-01 10:00:00,92.77818090536063,1.918673247187429,633.2621199228192,136,0
2023-01-01 10:01:00,146.50926612565974,3.2337156211552074,63.78871447467479,1,0
2023-01-01 10:02:00,96.73513729560594,2.26656402226988,751.158781784938,165,0
2023-01-01 10:03:00,53.464241540957254,3.5499630583193733,324.4109273085055,63,0
2023-01-01 10:04:00,69.1115768392944,0.6942384274609337,10.133346074440468,22,0
2023-01-01 10:05:00,235.78159633603562,5.190597909082704,516.0178478448574,70,0
2023-01-01 10:06:00,111.10352201883833,0.676125635922149,56.38338944232709,125,0
2023-01-01 10:07:00,188.49223191355696,8.003565078223616,283.4078622426905,149,0
2023-01-01 10:08:00,256.6744627188799,2.3371208191043302,709.906722581159,96,0
2023-01-01 10:09:00,348.293466028389,5.400119146045106,72.0627254056472,163,0
2023-01-01 10:10:00,29.26294852213848,8.800790875614583,840.9451074324423,79,0
2023-01-01 10:11:00,401.7110954654309,6.5087736904719415,13.781723431997277,5,0
2023-01-01 10:12:00,317.6711908505448,5.329577865513353,254.3556305098832,60,0
2023-01-01 10:13:00,50.06192565494723,3.243337531153756,743.4950155905507,120,0
2023-01-01 10:14:00,438.05352581232086,3.330019130581979,323.1074482320137,46,1
2023-01-01 10:15:00,461.22747626058845,6.694869551981901,110.8734641853534,178,1
2023-01-01 10:16:00,39.928200328883236,9.941393612211675,366.6315796124236,176,1
2023-01-01 10:17:00,145.67004759212983,6.618391898493786,277.6893535206803,134,0
2023-01-01 10:18:00,405.03862709860005,5.577834173700249,844.2847831389494,56,1
2023-01-01 10:19:00,376.6472482879926,7.306505102392461,320.2144384092917,110,1
2023-01-01 10:20:00,100.4152994846249,4.652056122837181,791.0431470582472,187,0
2023-01-01 10:21:00,112.58116843498804,0.6014234260078521,892.9534233626274,157,0
2023-01-01 10:22:00,191.53133036777717,5.6229681587790985,439.4792453807642,199,0
2023-01-01 10:23:00,247.41626274360044,9.576252845053801,910.8437124158481,104,0
2023-01-01 10:24:00,312.94483804984503,1.7530294235765964,383.54487342356094,77,1
2023-01-01 10:25:00,190.76768338918848,6.900048908206657,964.4376323252071,146,0
2023-01-01 10:26:00,236.64201090524247,2.0093368865905648,98.3966292803172,2,0
2023-01-01 10:27:00,376.2607596855407,5.3582768447308124,690.1490738382104,8,0
2023-01-01 10:28:00,27.97476941639297,0.9667644964671962,498.8759000523594,75,0
2023-01-01 10:29:00,133.69410272857016,4.503709362581851,393.7723174010906,182,0
2023-01-01 10:30:00,359.5412970834307,7.561633288952461,636.3847599611149,125,1
2023-01-01 10:31:00,448.65135046672765,3.4757152423898208,706.8185207179879,38,0
2023-01-01 10:32:00,260.7219466366764,6.64911724487218,14.319636953805997,176,1
2023-01-01 10:33:00,270.73560778000467,7.954499607897292,175.28355785972673,27,1
2023-01-01 10:34:00,62.514285556490265,9.271778194794527,715.9155901279755,20,1
2023-01-01 10:35:00,229.23205974349278,2.3464208185545354,669.7215594424245,140,0
2023-01-01 10:36:00,270.98246056296136,3.993159158093081,966.3870300773905,43,0
2023-01-01 10:37:00,128.81054678101754,1.5241601333041743,763.4274123482752,189,1
2023-01-01 10:38:00,141.92918316519666,9.924835021583752,951.2649806540246,31,0
2023-01-01 10:39:00,194.8692399212651,9.270009679242953,705.5150965194589,91,1
2023-01-01 10:40:00,19.83488691108592,5.399571302805596,305.0716865530487,61,0
2023-01-01 10:41:00,167.81879113575735,8.420332943764212,114.31127302834791,195,1
2023-01-01 10:42:00,113.60952342830687,5.209579772720422,784.0056247114862,109,1
2023-01-01 10:43:00,170.47370256717818,6.2358568800275975,647.7077292611567,91,0
2023-01-01 10:44:00,68.6834445914331,0.8912443211601662,57.70415226936327,163,0
2023-01-01 10:45:00,446.35836756254855,7.552704204968079,366.44996124196854,95,1
2023-01-01 10:46:00,300.86030224148385,1.2771348363523483,957.2318173294433,143,1
2023-01-01 10:47:00,342.7601363807999,8.260676302525283,505.39713425309924,144,0
2023-01-01 10:48:00,396.69390691759577,7.820280876703859,438.4018446595076,13,1
2023-01-01 10:49:00,254.23667747523805,7.087446977429765,463.122609107701,113,1
2023-01-01 10:50:00,52.59094116283761,0.36160380524762115,216.7938967651121,35,0
2023-01-01 10:51:00,273.18220549108844,3.031283559453286,375.02009915614724,187,1
2023-01-01 10:52:00,297.55214783023075,2.631125699108429,376.11512342730487,149,0
2023-01-01 10:53:00,375.2653423503217,3.6013640747151907,61.83146998559768,182,1
2023-01-01 10:54:00,221.5131776525429,0.8764274676383854,769.8919522327391,158,0
2023-01-01 10:55:00,72.51434836982625,9.369578230310628,422.3393875848402,48,1
2023-01-01 10:56:00,149.05019384137498,5.538022407123763,823.958087948259,35,0
2023-01-01 10:57:00,187.9103252353312,3.0552431065802352,851.8445211086964,86,0
2023-01-01 10:58:00,326.4994482524846,3.969815170742834,219.87411415167148,166,0
2023-01-01 10:59:00,289.6813692877668,4.472025405048356,660.7799473484273,159,0
2023-01-01 11:00:00,184.48739568994466,6.005943333606173,477.5589861213519,152,0
2023-01-01 11:01:00,493.39247190856,5.156794276964978,881.3551705422702,114,0
2023-01-01 11:02:00,306.8296614848747,9.193919732144174,223.58327238468956,177,1
2023-01-01 11:03:00,126.24112795063729,4.969634829058302,681.0350683069438,100,0
2023-01-01 11:04:00,59.873411583997836,9.921580148233126,611.6746010301954,160,1
2023-01-01 11:05:00,84.9009782003227,8.514249577450958,302.34846279611446,183,1
2023-01-01 11:06:00,130.519286908409,2.085105143573358,145.23489461466087,186,1
2023-01-01 11:07:00,88.73387289718228,9.305952146439163,655.1233628725038,99,0
2023-01-01 11:08:00,101.41784178513983,1.163663978854761,741.2114835510074,3,0
2023-01-01 11:09:00,149.69663265998508,8.174497084911916,322.4710703257165,197,0
2023-01-01 11:10:00,94.95306169442986,3.806232934765801,648.3842779820907,85,0
2023-01-01 11:11:00,449.41505806694835,8.779743204450694,401.1795985353882,125,1
2023-01-01 11:12:00,49.31453537420468,8.680566901074503,716.0748144497916,138,1
2023-01-01 11:13:00,267.0105808894248,8.059254001176212,207.22312214511257,83,0
2023-01-01 11:14:00,211.09444522493413,7.900304363070614,891.3128526098126,25,0
2023-01-01 11:15:00,491.36552228521714,3.046791390980408,294.53550050092394,68,0
2023-01-01 11:16:00,64.89906206234565,0.8091928305125218,374.10812787859135,61,0
2023-01-01 11:17:00,204.9492435324134,4.029801787651614,67.5110325595463,29,0
2023-01-01 11:18:00,485.04051230493076,1.7352451498650867,120.39709019806364,127,0
2023-01-01 11:19:00,434.09849168805033,6.9495108890246176,520.7032836852048,19,0
2023-01-01 11:20:00,410.36531476514716,3.4609972653778556,274.9167499606918,171,1
2023-01-01 11:21:00,136.37238525202054,9.756102008599148,837.1254234847725,194,1
2023-01-01 11:22:00,93.73491782113226,6.40972077345332,24.546454768404303,74,0
2023-01-01 11:23:00,337.6351777629712,8.224805636343609,385.30310818521684,61,1
2023-01-01 11:24:00,465.39423467251703,1.3252467274184843,343.97209130140175,171,1
2023-01-01 11:25:00,282.8138175768256,8.620144822726225,29.134354608425024,153,1
2023-01-01 11:26:00,290.09021784025094,9.227571905133944,133.1247150105051,20,0
2023-01-01 11:27:00,147.18975589353926,4.870619188189359,419.5062481694489,48,0
2023-01-01 11:28:00,387.0515372640491,6.062529377509774,497.93593860297216,87,0
2023-01-01 11:29:00,101.65143679318645,7.648098009029955,410.2468497823204,152,1
2023-01-01 11:30:00,168.6028258380794,1.7483862726041255,535.6283016279729,139,1
2023-01-01 11:31:00,218.46385492204422,5.0256607646344245,599.1803581566247,110,0
2023-01-01 11:32:00,258.729085555383,3.986630277723131,19.824582916557276,183,0
2023-01-01 11:33:00,128.78076888338933,1.4637399216224911,469.45420785896886,28,0
2023-01-01 11:34:00,66.27004412220973,3.6753442229153146,963.8642484787124,197,0
2023-01-01 11:35:00,309.20382079639995,0.6817230938549357,523.8419573282532,191,1
2023-01-01 11:36:00,151.42897108772533,0.25811906949486985,680.7668447843637,59,0
2023-01-01 11:37:00,294.80672849708003,1.3516628915482276,318.7452193377144,133,0
2023-01-01 11:38:00,85.63773048435914,9.631151115891738,776.2514643712349,51,1
2023-01-01 11:39:00,245.75864990886058,5.49529535895017,775.1922670573539,149,0
2023-01-01 11:40:00,270.96882195027706,9.6582216115322,526.0830871775976,12,0
2023-01-01 11:41:00,35.39353304298918,4.32497878330132,976.2536850464214,50,0
2023-01-01 11:42:00,174.93609631502108,3.1181613308525957,134.29471261502684,132,0
2023-01-01 11:43:00,75.86319170009737,5.061418628402441,26.778188240685182,113,0
2023-01-01 11:44:00,41.053735531656194,4.3951168863291015,772.456629639525,170,0
2023-01-01 11:45:00,495.08051387107315,1.0566468426174391,809.0839819912337,166,1
2023-01-01 11:46:00,167.95338403761426,6.408263146902062,129.0051568293705,153,1
2023-01-01 11:47:00,406.8384784687711,2.160381825095996,272.92700462902,14,0
2023-01-01 11:48:00,134.77392083424428,6.195879548978295,27.37683973296262,32,0
2023-01-01 11:49:00,343.93633388972535,6.502010923981533,300.37552467275907,139,0
2023-01-01 11:50:00,382.5116513459464,1.520248531286481,775.4104551794848,189,0
2023-01-01 11:51:00,301.8629828978437,0.6134962711066816,522.7809224354531,146,0
2023-01-01 11:52:00,241.0723323895776,7.807615860684399,354.61463723660523,155,1
2023-01-01 11:53:00,211.80204793216157,4.5980042376932015,378.021901957267,55,1
2023-01-01 11:54:00,180.9454506060677,0.5816379550547579,11.340089458313473,182,1
2023-01-01 11:55:00,465.46928068143467,9.948663171697671,306.8025222895835,120,1
2023-01-01 11:56:00,417.0035098159873,0.5778056099636664,649.9941542215512,75,1
2023-01-01 11:57:00,482.86318622659115,6.950352288585532,974.4524993781936,21,0
2023-01-01 11:58:00,70.90563950791692,9.836789252634135,848.5902187140605,172,1
2023-01-01 11:59:00,368.1250628497857,2.391801042159256,33.359014999073835,133,0
2023-01-01 12:00:00,469.78682384230854,1.4224936868719618,899.574998628091,87,1
2023-01-01 12:01:00,98.80420242117347,1.213849394224289,785.3664291656397,169,0
2023-01-01 12:02:00,42.58317100972097,3.0327514756759557,782.5723623352706,59,0
2023-01-01 12:03:00,373.14911815212895,1.010458110106467,463.41580141353575,89,0
2023-01-01 12:04:00,291.4918254581568,6.9216134169413195,404.0252400249578,182,1
2023-01-01 12:05:00,422.4961006115533,0.6229179813006269,309.8865715448607,150,0
2023-01-01 12:06:00,78.48846454688186,5.094221281497897,75.03791036482212,83,0
2023-01-01 12:07:00,399.6809828113462,9.966968538529768,235.9530098587621,65,1
2023-01-01 12:08:00,108.79738682339482,8.139702695060189,254.13759862824438,64,0
2023-01-01 12:09:00,90.19141200419521,6.152194382310109,489.2362990130996,71,1
2023-01-01 12:10:00,90.49024098618654,3.062536207866117,749.969962530727,4,0
2023-01-01 12:11:00,409.14161291337723,6.238958362916385,479.07173011396713,193,1
2023-01-01 12:12:00,335.94663814113807,5.270414639116517,67.266004952689,143,0
2023-01-01 12:13:00,266.3020581368685,4.260833838903714,958.2119029783219,104,0
2023-01-01 12:14:00,185.82693722051621,1.3071037674019947,943.2970759031712,150,0
2023-01-01 12:15:00,439.82826499842304,8.866042152404667,787.3376477169243,175,1
2023-01-01 12:16:00,202.29810263709135,4.497846488213225,991.4146225485783,93,0
2023-01-01 12:17:00,410.13372534107276,1.9462251182076507,549.0375094722602,174,1
2023-01-01 12:18:00,225.17610519940703,3.677593508772896,963.140666750674,142,0
2023-01-01 12:19:00,194.70277041820472,4.1412975252892705,84.84899021058327,178,1
2023-01-01 12:20:00,236.71309497810716,8.275378955668742,372.0239407787576,148,0
2023-01-01 12:21:00,157.67515834042962,7.336143805614021,233.12745532669817,178,1
2023-01-01 12:22:00,376.32859628636305,7.693048936413398,203.87475329292732,112,1
2023-01-01 12:23:00,256.3329911453148,0.11031264428647214,149.39491940374933,161,0
2023-01-01 12:24:00,123.78422062194048,4.161539981797615,626.1895051503367,119,0
2023-01-01 12:25:00,450.7915409045385,4.813441516353237,783.508637189832,59,0
2023-01-01 12:26:00,198.1066984728736,0.19192276823056686,582.515415426157,43,0
2023-01-01 12:27:00,276.3409019458544,2.598132087450342,155.49308249232757,12,0
2023-01-01 12:28:00,454.171334372628,7.60289823122135,813.0125322341362,40,1
2023-01-01 12:29:00,315.8766179978561,1.3710970572899905,639.5951600920912,118,0
2023-01-01 12:30:00,67.2800399470984,5.353101314525917,394.2840490657256,20,0
2023-01-01 12:31:00,470.5177405706028,2.152018720172375,677.3889925807023,166,1
2023-01-01 12:32:00,317.57694600499474,0.12120774643893273,267.3059294504045,131,0
2023-01-01 12:33:00,174.1037511819722,2.412014575995415,351.7402864092684,156,0
2023-01-01 12:34:00,78.24331560505976,9.758737549100537,918.3109847006704,184,1
2023-01-01 12:35:00,399.072342742445,8.015371118829895,297.5994606147062,90,1
2023-01-01 12:36:00,313.8356504049716,9.595766443210334,475.28838547635723,94,0
2023-01-01 12:37:00,271.39593506839753,4.878540439263625,891.2397260220545,13,0
2023-01-01 12:38:00,448.0073656949692,1.097361986775035,710.6441367648522,66,0
2023-01-01 12:39:00,396.4126335000201,5.47959488973693,71.58119390305572,37,0
2023-01-01 12:40:00,84.32069106904808,4.543773345599609,155.83001383618063,177,0
2023-01-01 12:41:00,162.74381321981863,8.44357082739616,17.76317486419765,66,0
2023-01-01 12:42:00,131.75967850908822,0.9808258078424459,634.6125723268717,36,0
2023-01-01 12:43:00,374.5336833606117,4.882411370217782,453.19669115631416,182,1
2023-01-01 12:44:00,26.430893020531897,1.5004866469398426,142.9321023932528,26,0
2023-01-01 12:45:00,289.2459455869451,3.2467592689005995,958.3547798462027,75,0
2023-01-01 12:46:00,383.60475601293837,7.373570773877996,534.3631267061637,200,1
2023-01-01 12:47:00,439.61516201325725,4.7601812936876655,249.47436117176028,108,0
2023-01-01 12:48:00,177.62005687079466,3.7588828514576935,505.5975354431605,168,1
2023-01-01 12:49:00,412.4160792892863,3.944762785700353,682.8241294077567,43,0
2023-01-01 12:50:00,64.20955110805154,4.594467684059866,85.47682579382884,150,0
2023-01-01 12:51:00,424.76162294991394,7.850165438370569,281.9567768974131,148,1
2023-01-01 12:52:00,72.46944454267138,8.920846889402345,808.8958359751537,8,0
2023-01-01 12:53:00,204.67077237457997,9.553346865039282,465.0682216986346,29,1
2023-01-01 12:54:00,400.6747292319813,7.869033862552951,551.111370611972,40,1
2023-01-01 12:55:00,83.45953940089915,3.1540689574801273,438.48784218737455,158,0
2023-01-01 12:56:00,122.33318366399433,6.881347060865421,53.46094321657507,128,0
2023-01-01 12:57:00,363.9037585126025,4.376031240553919,174.09228202195436,84,0
2023-01-01 12:58:00,362.8179029075764,2.5467062204605115,451.086222354472,116,0
2023-01-01 12:59:00,324.16234011379566,8.408715794259226,217.09361075384854,183,1
2023-01-01 13:00:00,350.034737788879,0.38426348962324997,59.47923837308195,144,1
2023-01-01 13:01:00,275.9349772403221,9.017619921354235,845.2131674113054,174,0
2023-01-01 13:02:00,133.38153886440685,4.614774646247342,981.3806038724747,62,1
2023-01-01 13:03:00,179.39103681692052,6.3720147680828045,795.2114452567721,7,0
2023-01-01 13:04:00,98.98288123269857,6.593539222057827,855.2470724876204,45,0
2023-01-01 13:05:00,455.1407750534779,8.951177407065364,249.55735901387493,187,0
2023-01-01 13:06:00,295.861979435399,6.366696821672074,961.0207057580677,184,1
2023-01-01 13:07:00,206.41719421418355,6.139335847600618,204.9564474088941,176,0
2023-01-01 13:08:00,236.38284378562503,0.6665204056068996,951.915512258214,155,1
2023-01-01 13:09:00,474.1688364097895,5.18408021945204,994.8711010262915,181,1
2023-01-01 13:10:00,85.1421875268793,1.5016900081704165,714.6055776885883,88,0
2023-01-01 13:11:00,297.25261768823066,7.374337687214856,981.3322944739036,73,1
2023-01-01 13:12:00,257.88545265338837,5.122219208126745,573.8443817714326,163,0
2023-01-01 13:13:00,309.61257536297745,6.802277792083533,266.9463653443294,179,1
2023-01-01 13:14:00,18.87399007221185,0.41672900602384266,442.62592680896466,37,0
2023-01-01 13:15:00,437.34071538263424,0.8479201604580322,597.6253260249981,119,0
2023-01-01 13:16:00,466.73795841697006,7.163233880626823,82.35074640674485,57,1
2023-01-01 13:17:00,286.9152599587124,0.7208433599867337,626.1198319710736,8,0
2023-01-01 13:18:00,351.3589036996772,0.712567277652586,981.3660583946715,95,0
2023-01-01 13:19:00,462.02469677687486,0.1210847523488745,198.20657328589036,117,0
2023-01-01 13:20:00,356.5469308135653,9.5650139829948,794.6691651254995,110,1
2023-01-01 13:21:00,84.74413102798806,7.37508359459007,908.8198058418232,20,0
2023-01-01 13:22:00,292.38129648173845,3.5325140850206416,944.2645768920186,124,0
2023-01-01 13:23:00,307.2903727275994,2.9653558128765525,960.5342483613928,53,0
2023-01-01 13:24:00,217.82402893816914,3.4970322974584955,526.2450423342573,119,0
2023-01-01 13:25:00,370.8576754561142,7.746535311811819,977.5348289115886,12,1
2023-01-01 13:26:00,467.8398372368173,6.613706110704144,759.7371050630944,177,1
2023-01-01 13:27:00,463.5285713243204,1.8519556786746794,170.05472187459227,17,0
2023-01-01 13:28:00,230.91129198802474,1.7410933533408435,482.1311054032903,64,1
2023-01-01 13:29:00,65.48664246197006,0.9839564971339732,721.147863618284,42,0
2023-01-01 13:30:00,492.57218749154396,6.603027197013382,254.8669126608925,94,0
2023-01-01 13:31:00,421.0600623585077,7.643726622217359,644.2090317133985,157,1
2023-01-01 13:32:00,71.08471378960076,2.6504642832500402,669.9344742561531,147,0
2023-01-01 13:33:00,461.21252248251244,0.20944961030912812,171.07274637048022,11,0
2023-01-01 13:34:00,436.24921741044284,0.8217166747642735,569.4344593282287,98,0
2023-01-01 13:35:00,264.2306479917753,9.678600348450304,773.9106418688216,178,1
2023-01-01 13:36:00,299.7249635150153,2.9544477747742026,503.9067078905825,71,0
2023-01-01 13:37:00,205.51132489636382,7.692231478381336,21.982085608346353,108,0
2023-01-01 13:38:00,36.83320302279535,6.2466356885426375,18.948084388499254,58,0
2023-01-01 13:39:00,174.24664840649146,3.8193963965289592,363.4590505303121,34,0
2023-01-01 13:40:00,403.3981898130256,2.0568726219555513,926.9321277474642,20,0
2023-01-01 13:41:00,12.2696912722554,1.2138641815940643,236.39001180757268,50,0
2023-01-01 13:42:00,173.41459412866064,6.150129680388666,638.0200519829702,102,0
2023-01-01 13:43:00,205.1026598595622,7.74633780637788,229.85511198638736,138,0
2023-01-01 13:44:00,273.3238454395822,6.439042535411307,328.45328976295315,160,1
2023-01-01 13:45:00,460.72925204225265,5.303021332491583,849.5616687054692,52,0
2023-01-01 13:46:00,179.709537239321,0.41951223431636264,731.5728278472474,15,0
2023-01-01 13:47:00,180.00706892915156,9.684887775943839,104.44528454007852,84,0
2023-01-01 13:48:00,371.3756115737767,7.987141916545745,434.4150007765693,131,1
2023-01-01 13:49:00,231.5867910360055,2.928220367009647,38.87806600881183,37,0
2023-01-01 13:50:00,120.05636324059117,9.799703293588507,486.0812451369789,126,0
2023-01-01 13:51:00,231.69536290501978,6.018815896363221,665.8096715840574,40,0
2023-01-01 13:52:00,79.01993998610193,5.824226582072464,127.31759736217005,72,0
2023-01-01 13:53:00,96.42962338804942,7.4807317942953215,295.996089520074,40,0
2023-01-01 13:54:00,254.20020864234507,8.117697880901375,403.8582592471354,56,0
2023-01-01 13:55:00,215.27347025722847,6.564786073315027,920.3357144094892,151,0
2023-01-01 13:56:00,458.274491523369,1.2809574636620003,993.3224652687344,104,0
2023-01-01 13:57:00,187.57301056715022,3.382675059944984,54.462186005659696,139,0
2023-01-01 13:58:00,294.4882916362413,9.280836403260498,763.3978442604381,110,0
2023-01-01 13:59:00,319.8095010805699,2.2461561184385195,378.0068257383198,192,0
2023-01-01 14:00:00,16.41628372828348,3.7216702383751334,398.5336043671852,136,0
2023-01-01 14:01:00,335.13331228818816,4.32076882944196,756.7223236135525,93,0
2023-01-01 14:02:00,97.2376237661782,4.394049896944522,919.2421678239546,94,0
2023-01-01 14:03:00,480.92445556003304,6.129395824945255,951.4193085575229,56,1
2023-01-01 14:04:00,82.84473659902535,9.430758377447075,581.3513601779375,60,0
2023-01-01 14:05:00,213.16582062624164,2.40692711832505,363.5499477074978,138,0
2023-01-01 14:06:00,51.82133735853549,1.2150137630091806,789.6735950001914,39,0
2023-01-01 14:07:00,498.4683834045142,1.9747048985993731,258.49136942967726,28,0
2023-01-01 14:08:00,256.07555506230887,8.869249002092696,568.4332885451826,49,1
2023-01-01 14:09:00,301.73865848682146,6.458108126552061,364.99267690962444,164,0
2023-01-01 14:10:00,42.867473920329466,2.859067892391601,660.0647629707973,125,1
2023-01-01 14:11:00,377.4806304955971,8.159469389686173,247.99492376457184,13,1
2023-01-01 14:12:00,112.85374061683703,8.61369996363436,199.67701627747752,36,0
2023-01-01 14:13:00,450.0466018259497,8.465143386902781,919.0566958086827,101,1
2023-01-01 14:14:00,110.51842383618352,9.189265336395545,110.78564612004153,26,0
2023-01-01 14:15:00,103.43698312519662,2.522410201733616,510.89832865758234,86,0
2023-01-01 14:16:00,27.90933724556649,7.550419287462783,228.64425513337883,4,0
2023-01-01 14:17:00,241.31280310389963,4.6053949727414,48.540663692410774,82,0
2023-01-01 14:18:00,286.77215529868204,8.419985528900614,45.65863010851213,192,1
2023-01-01 14:19:00,42.19723331989266,7.284906771616132,183.46955438476908,166,1
2023-01-01 14:20:00,390.00853218055516,7.764474464997246,868.1026509609403,127,0
2023-01-01 14:21:00,232.11152902653353,6.561618376810715,289.6539565372564,88,0
2023-01-01 14:22:00,266.95123197051424,1.7742876946970687,950.9545788695427,127,0
2023-01-01 14:23:00,225.9737459997318,5.450269188969383,585.8060700593016,120,0
2023-01-01 14:24:00,206.37389982890974,9.846697395245082,442.2480478710784,22,0
2023-01-01 14:25:00,284.22376234102677,9.373880664971189,584.28794632276,130,0
2023-01-01 14:26:00,86.06772050604913,0.4317373579701167,521.5314013740051,31,0
2023-01-01 14:27:00,99.14478394268285,1.6481481572943713,761.1884912197519,119,0
2023-01-01 14:28:00,432.2749542966235,1.317287734545619,289.67110531312375,11,1
2023-01-01 14:29:00,473.59657644548,7.259799099852955,359.51988768429936,46,1
2023-01-01 14:30:00,192.92156497707893,8.17785329856945,895.1533595079183,96,1
2023-01-01 14:31:00,142.66488984034135,2.1351136631067194,946.9919480189014,190,1
2023-01-01 14:32:00,325.55977618711773,5.05852692951829,893.6326452116098,197,0
2023-01-01 14:33:00,210.27974383806725,8.407030280112,425.25351401774043,192,1
2023-01-01 14:34:00,22.439314273568982,7.328015447662506,782.5618479768128,10,1
2023-01-01 14:35:00,86.51477270943327,5.422372054918483,481.5723759680878,168,0
2023-01-01 14:36:00,360.8263921352248,5.903476904587729,502.56445362464115,128,0
2023-01-01 14:37:00,332.87273153597414,5.0836054691628,212.6333079667111,152,1
2023-01-01 14:38:00,23.27703632670691,2.9754845131882055,595.2190002259313,99,0
2023-01-01 14:39:00,118.76635934714523,5.650219928590161,194.27453877581445,172,0
2023-01-01 14:40:00,123.22665032815499,6.888853020500907,338.2490520765218,112,0
2023-01-01 14:41:00,339.22744436337695,8.733229158608077,856.4798996037358,60,0
2023-01-01 14:42:00,19.658163499638434,6.362913539792481,215.00505111874668,190,1
2023-01-01 14:43:00,61.01320517244118,7.61121537043158,80.44670232169848,87,0
2023-01-01 14:44:00,401.9588818328628,1.60071634954573,78.31751668668814,145,0
2023-01-01 14:45:00,97.48688440662347,4.6155747441978985,941.3766752980769,65,0
2023-01-01 14:46:00,329.84559284741863,0.09331619827093296,511.85123358221625,57,0
2023-01-01 14:47:00,126.709562712896,2.46678864521623,415.31795109884814,183,0
2023-01-01 14:48:00,58.726282452079126,7.264617151130048,812.7697951978392,106,1
2023-01-01 14:49:00,129.1543735897325,9.918099513493635,837.4676686314109,181,1
2023-01-01 14:50:00,363.910796609273,0.9917809958721591,338.86912278444856,184,1
2023-01-01 14:51:00,429.29126937208,4.0149431586128825,696.6818768990573,9,1
2023-01-01 14:52:00,416.8077336378259,8.000709686991595,773.4115876933677,22,1
2023-01-01 14:53:00,204.61992951304288,2.0403563462889887,658.104179997295,141,0
2023-01-01 14:54:00,337.36171691961664,5.550849493022863,160.07912405209836,89,0
2023-01-01 14:55:00,110.44230475375228,7.330712960296748,877.1242526818864,176,1
2023-01-01 14:56:00,153.6423878278965,6.159854502601791,543.7036072086486,18,0
2023-01-01 14:57:00,449.20455107534866,1.8802473461541613,289.64770210630365,115,0
2023-01-01 14:58:00,16.370942520260655,3.553845686857394,430.975903583317,168,1
2023-01-01 14:59:00,51.89918011868936,7.837917844853973,47.195379494918306,145,0
2023-01-01 15:00:00,111.8642650215534,5.542265141320167,136.58813321019338,143,0
2023-01-01 15:01:00,23.00077989817166,0.052296135429127366,767.8912830107023,106,0
2023-01-01 15:02:00,98.90336319400069,7.6099076002809385,10.01151840781248,15,0
2023-01-01 15:03:00,295.69036487514916,0.3531135494023907,422.40017019746927,63,0
2023-01-01 15:04:00,216.49802979032398,7.457337827312322,527.2850792747325,167,1
2023-01-01 15:05:00,447.40913842771766,2.024805601652374,64.08807580096257,13,1
2023-01-01 15:06:00,410.547345251836,9.580734801193802,973.3473813426095,81,1
2023-01-01 15:07:00,177.49050233195922,3.679407513020845,233.8640779371752,32,0
2023-01-01 15:08:00,137.11748238133333,3.269316163380791,311.1567324399181,137,0
2023-01-01 15:09:00,196.0492800019608,1.4888805033244468,310.9030871324771,40,0
2023-01-01 15:10:00,299.24452183225577,3.0560421549021486,238.1124954961764,148,0
2023-01-01 15:11:00,141.35118400320937,8.766507618282006,11.459083865448301,82,1
2023-01-01 15:12:00,315.83296484607564,9.963343376272473,732.0513461471164,77,1
2023-01-01 15:13:00,210.6117095737078,3.683095305068483,967.1770448012925,191,0
2023-01-01 15:14:00,280.5031186174703,4.486106309545425,232.05054845219462,76,0
2023-01-01 15:15:00,223.70199927630517,7.220709382027371,666.4167198853881,172,1
2023-01-01 15:16:00,154.28822217553966,8.861957804650745,744.477363689128,38,0
2023-01-01 15:17:00,474.74212041145677,5.930443341867841,849.9411252996194,188,1
2023-01-01 15:18:00,384.1668391382828,3.9152569817782936,428.402905043473,71,0
2023-01-01 15:19:00,78.65545612556174,4.126218408486237,309.90159658402496,48,0
2023-01-01 15:20:00,435.5493081899773,6.956181464968068,332.0421826828008,18,1
2023-01-01 15:21:00,248.84128714226168,0.032182636042786816,715.4951197675277,144,0
2023-01-01 15:22:00,448.3305911781048,6.195893374598407,818.6116718405797,183,1
2023-01-01 15:23:00,401.92907541418447,3.554930104413574,189.79782807903663,39,1
2023-01-01 15:24:00,218.3546171899244,7.941973312770843,377.23159807618754,196,1
2023-01-01 15:25:00,21.009961076857525,0.9299063982313216,902.9207947816585,187,0
2023-01-01 15:26:00,141.65190609862358,5.882022669483905,808.6265844977919,89,0
2023-01-01 15:27:00,275.4007651838248,4.809728898861238,985.009818734851,62,0
2023-01-01 15:28:00,320.40432771481215,6.423255259052274,756.7057770852599,141,1
2023-01-01 15:29:00,136.36496586226912,0.6485359448296835,399.26324901764303,109,0
2023-01-01 15:30:00,78.28447629568383,5.799837874281312,594.7314556546913,81,1
2023-01-01 15:31:00,419.11581603165655,5.614845879595237,664.4041117048471,134,1
2023-01-01 15:32:00,492.3570685447405,5.606600944161709,87.6712581539527,77,0
2023-01-01 15:33:00,267.58818932831605,6.034876665964548,549.0519895128265,188,0
2023-01-01 15:34:00,94.12285006566871,6.764679372263622,712.2276201878835,90,0
2023-01-01 15:35:00,143.4305899944908,8.049889996807698,175.64809096104977,14,1
2023-01-01 15:36:00,19.0114315082587,2.6982072012821434,782.8254002513016,95,0
2023-01-01 15:37:00,458.0064152146445,8.250494101800621,587.9350527089705,54,1
2023-01-01 15:38:00,67.69803061616915,4.982556822634536,952.6995678406187,132,0
2023-01-01 15:39:00,292.49307300198427,0.7705827913433116,51.99807522482278,39,0
2023-01-01 15:40:00,144.28705813673093,0.585509292439792,272.6728761799123,72,0
2023-01-01 15:41:00,281.54722123273876,3.3423831869606078,605.5383405068259,25,0
2023-01-01 15:42:00,329.19599029241346,7.8489697711146755,303.5943130838714,77,0
2023-01-01 15:43:00,416.5734838165288,7.076809347409157,717.2799224305298,160,1
2023-01-01 15:44:00,111.14642316269557,7.886149646724064,761.4152296967117,187,1
2023-01-01 15:45:00,15.387956042655434,5.172690564416094,111.49080442580971,191,1
2023-01-01 15:46:00,77.07395873371556,4.401989979554905,518.7159195647,166,1
2023-01-01 15:47:00,451.0091345055715,1.4745252670628395,513.8016500351453,120,0
2023-01-01 15:48:00,438.20613800563245,3.2819275360931153,375.58796251338566,53,1
2023-01-01 15:49:00,302.73242006345106,4.340193661738753,933.5956139439754,195,1
2023-01-01 15:50:00,304.2532616124902,0.8860042967961723,829.231256674489,156,0
2023-01-01 15:51:00,335.8679705276652,2.2061195271121123,700.2372880905405,131,0
2023-01-01 15:52:00,95.9319265254903,5.982252940637388,717.1833693776475,150,0
2023-01-01 15:53:00,458.0618535032303,7.356631142391898,467.0989823749879,96,1
2023-01-01 15:54:00,215.19755719711583,9.983475113929497,921.7845758856101,166,1
2023-01-01 15:55:00,197.73787884225376,9.331133313435577,697.6494729807525,200,1
2023-01-01 15:56:00,264.2696755885904,6.425651995351915,731.6912510392583,72,0
2023-01-01 15:57:00,33.01332371977698,4.21248053294072,863.0739947494718,62,0
2023-01-01 15:58:00,91.47885069047891,6.361773647082327,281.33087344876907,185,0
2023-01-01 15:59:00,371.6364720489215,7.85651618080232,809.000194828036,6,1
2023-01-01 16:00:00,50.57134728331197,1.1833619092338732,203.28819692692713,32,1
2023-01-01 16:01:00,305.5445336385302,4.099048896962882,351.888532722439,99,0
2023-01-01 16:02:00,130.22106374384725,8.398022856356173,342.2543497271443,138,0
2023-01-01 16:03:00,200.7548508805685,3.83832951933044,978.7402137052492,131,0
2023-01-01 16:04:00,151.45993101764293,5.718722712271865,857.9718515104476,187,0
2023-01-01 16:05:00,184.27963106782508,5.877693608621982,704.1581629743571,76,0
2023-01-01 16:06:00,362.33249354028027,1.8447625313363936,729.7861939992363,177,1
2023-01-01 16:07:00,155.58964065535577,3.622354416522884,566.4520664585453,59,0
2023-01-01 16:08:00,287.5382737454796,3.3451128874193214,947.6197604374339,31,0
2023-01-01 16:09:00,243.26469707755882,0.26196708532064794,501.2961653535379,93,0
2023-01-01 16:10:00,335.1988710276976,0.24191763891355245,386.7125327711956,69,0
2023-01-01 16:11:00,469.0465722691314,8.316970436757735,171.40498356227508,190,1
2023-01-01 16:12:00,368.96032763302264,2.7307080997281243,788.3435957384474,52,0
2023-01-01 16:13:00,115.32078550947081,5.180787662388155,737.0994927548355,89,0
2023-01-01 16:14:00,25.279736180029488,2.9872557358877305,390.5114881388935,127,0
2023-01-01 16:15:00,138.5093817069143,9.406792451153406,34.94147981963707,169,1
2023-01-01 16:16:00,301.5881860431249,2.5929675886577375,840.6073544408306,31,0
2023-01-01 16:17:00,35.19864860728267,4.296568127389351,21.303803619532896,84,0
2023-01-01 16:18:00,253.21946112860581,8.727302504846019,706.6627818327604,127,0
2023-01-01 16:19:00,302.4529959692757,8.419335667918087,970.5545386287965,150,0
2023-01-01 16:20:00,173.7795065003108,1.8610141784627732,443.28471486672146,132,0
2023-01-01 16:21:00,387.74697983545275,8.026433097957105,242.62367094599324,13,1
2023-01-01 16:22:00,62.233144035548186,4.581868867378926,707.8222999429479,45,0
2023-01-01 16:23:00,46.817513050546296,4.829688720853552,818.9568605954292,127,0
2023-01-01 16:24:00,366.81249053976563,1.3347997241594378,550.9660129170688,170,0
2023-01-01 16:25:00,252.79074494103725,0.8060151375712465,967.3649225035847,114,0
2023-01-01 16:26:00,347.31717424959066,7.279393069737652,61.152034441381495,177,1
2023-01-01 16:27:00,223.06539591583567,4.964611523552998,509.74764232148283,20,0
2023-01-01 16:28:00,130.73699628716236,4.3685070261517955,721.2694078493246,81,0
2023-01-01 16:29:00,411.36013566035786,7.295082286523967,864.0140664376872,182,1
2023-01-01 16:30:00,401.7137806947998,7.6551289899110975,187.46305578871215,164,1
2023-01-01 16:31:00,350.40127071866914,1.5890816766935356,802.0034469460446,129,1
2023-01-01 16:32:00,143.3511172426817,6.102251494776413,557.1800049613598,143,0
2023-01-01 16:33:00,299.2130267658527,1.3535408227768553,402.58814517006357,17,0
2023-01-01 16:34:00,186.87720950061313,7.513750860290457,140.39787829330263,152,1
2023-01-01 16:35:00,54.875215930050736,6.569551562671395,866.6428013198233,58,1
2023-01-01 16:36:00,459.48365197649895,9.56614621083458,165.7004760979182,72,1
2023-01-01 16:37:00,77.04112915029108,0.6895801635642118,316.68998061700825,109,0
2023-01-01 16:38:00,475.6163033721932,0.5705472115125432,297.1450766428125,23,0
2023-01-01 16:39:00,228.54282874939832,2.8218707469320012,872.6998938489457,174,1
